{
	"metadata": {
		"version": 4.3,
		"type": "Object",
		"generator": "ObjectExporter"
	},
	"geometries": [
		{
			"uuid": "C7646F59-22CF-4E2C-8C4B-D2F5E83BAAEE",
			"type": "CircleGeometry",
			"radius": 1,
			"segments": 8
		}],
	"materials": [
		{
			"uuid": "A20C5F9C-6979-4DB6-94B8-A237EFFFC37E",
			"type": "MeshBasicMaterial",
			"color": 16777215,
			"opacity": 1,
			"transparent": false,
			"wireframe": false
		}],
	"object": {
		"uuid": "6C5223EA-7883-461B-9AC3-2CCCBB930630",
		"type": "Scene",
		"matrix": [1,0,0,0,0,1,0,0,0,0,1,0,0,0,0,1],
		"children": [
			{
				"uuid": "B7E034E2-2CB4-44B4-B592-93D907DD8766",
				"name": "rift-leds.dae",
				"type": "Object3D",
				"matrix": [10,0,0,0,0,10,0,0,0,0,10,0,0,0,0,1]
			},
			{
				"uuid": "48978CD0-7726-412C-8437-451FE8294702",
				"name": "Circle 1",
				"type": "Mesh",
				"geometry": "C7646F59-22CF-4E2C-8C4B-D2F5E83BAAEE",
				"material": "A20C5F9C-6979-4DB6-94B8-A237EFFFC37E",
				"matrix": [1,0,0,0,0,1,0,0,0,0,1,0,11.899802207946777,0.8604941368103027,27.63361167907715,1]
			},
			{
				"uuid": "23FCF95F-B7FF-4159-A716-25CC68FA10E6",
				"name": "Circle 1",
				"type": "Mesh",
				"geometry": "C7646F59-22CF-4E2C-8C4B-D2F5E83BAAEE",
				"material": "A20C5F9C-6979-4DB6-94B8-A237EFFFC37E",
				"matrix": [1,0,0,0,0,1,0,0,0,0,1,0,-11.614709854125977,0.8604941368103027,27.63361167907715,1]
			},
			{
				"uuid": "3D2E33F9-8848-48F3-888E-811B52239E62",
				"name": "Circle 1",
				"type": "Mesh",
				"geometry": "C7646F59-22CF-4E2C-8C4B-D2F5E83BAAEE",
				"material": "A20C5F9C-6979-4DB6-94B8-A237EFFFC37E",
				"matrix": [1,0,0,0,0,1,0,0,0,0,1,0,-18.94899559020996,8.009176254272461,27.092580795288086,1]
			},
			{
				"uuid": "25B67071-9A51-43A0-9A28-E13A0C396716",
				"name": "Circle 1",
				"type": "Mesh",
				"geometry": "C7646F59-22CF-4E2C-8C4B-D2F5E83BAAEE",
				"material": "A20C5F9C-6979-4DB6-94B8-A237EFFFC37E",
				"matrix": [1,0,0,0,0,1,0,0,0,0,1,0,18.963224411010742,8.009176254272461,27.092580795288086,1]
			},
			{
				"uuid": "A1991D37-5AA9-4B12-AEC6-E26B3549B946",
				"name": "Circle 1",
				"type": "Mesh",
				"geometry": "C7646F59-22CF-4E2C-8C4B-D2F5E83BAAEE",
				"material": "A20C5F9C-6979-4DB6-94B8-A237EFFFC37E",
				"matrix": [1,0,0,0,0,1,0,0,0,0,1,0,-18.930322647094727,-6.992434978485107,27.092580795288086,1]
			},
			{
				"uuid": "549FF303-8783-44D6-8BAE-FF06F6230834",
				"name": "Circle 1",
				"type": "Mesh",
				"geometry": "C7646F59-22CF-4E2C-8C4B-D2F5E83BAAEE",
				"material": "A20C5F9C-6979-4DB6-94B8-A237EFFFC37E",
				"matrix": [1,0,0,0,0,1,0,0,0,0,1,0,-0.057945456355810165,-6.992434978485107,27.092580795288086,1]
			},
			{
				"uuid": "40C51C63-9AF9-4D43-8DB0-3932FB4C1942",
				"name": "Circle 1",
				"type": "Mesh",
				"geometry": "C7646F59-22CF-4E2C-8C4B-D2F5E83BAAEE",
				"material": "A20C5F9C-6979-4DB6-94B8-A237EFFFC37E",
				"matrix": [1,0,0,0,0,1,0,0,0,0,1,0,18.925207138061523,-6.992434978485107,27.092580795288086,1]
			},
			{
				"uuid": "D2C37452-EEBA-40DA-8B38-EAB45310F0CC",
				"name": "Circle 1",
				"type": "Mesh",
				"geometry": "C7646F59-22CF-4E2C-8C4B-D2F5E83BAAEE",
				"material": "A20C5F9C-6979-4DB6-94B8-A237EFFFC37E",
				"matrix": [0.6967067122459412,0,-0.7173560857772827,0,0,1,0,0,0.7173560857772827,0,0.6967067122459412,0,28.780000686645508,0.8899999856948853,23.979999542236328,1]
			},
			{
				"uuid": "9F82CE9A-F690-4B9F-8C91-17751BF9EA30",
				"name": "Circle 1",
				"type": "Mesh",
				"geometry": "C7646F59-22CF-4E2C-8C4B-D2F5E83BAAEE",
				"material": "A20C5F9C-6979-4DB6-94B8-A237EFFFC37E",
				"matrix": [0.6967067122459412,0,0.7173560857772827,0,0,1,0,0,-0.7173560857772827,0,0.6967067122459412,0,-28.932905197143555,0.8899999856948853,23.979999542236328,1]
			},
			{
				"uuid": "0AB5FB05-84FE-4CDF-A955-8AB94D60C44E",
				"name": "Circle 1",
				"type": "Mesh",
				"geometry": "C7646F59-22CF-4E2C-8C4B-D2F5E83BAAEE",
				"material": "A20C5F9C-6979-4DB6-94B8-A237EFFFC37E",
				"matrix": [-0.019202493131160736,0,-0.9998156428337097,0,0,1,0,0,0.9998156428337097,0,-0.019202493131160736,0,30.591745376586914,0.8899999856948853,11.289999961853027,1]
			},
			{
				"uuid": "485EB53D-4554-4BC0-BDBB-1DBD568592FB",
				"name": "Circle 1",
				"type": "Mesh",
				"geometry": "C7646F59-22CF-4E2C-8C4B-D2F5E83BAAEE",
				"material": "A20C5F9C-6979-4DB6-94B8-A237EFFFC37E",
				"matrix": [-0.02079480141401291,0.0015926528722047806,0.9997825026512146,0,-0.000033118943974841386,-0.9999987483024597,0.0015923085156828165,0,0.9997837543487549,1.0842021724855044e-19,0.020794827491044998,0,30.59000015258789,6.21999979019165,5.690000057220459,1]
			},
			{
				"uuid": "BBB94053-3ADD-4668-8583-5B4315ABDC78",
				"name": "Circle 1",
				"type": "Mesh",
				"geometry": "C7646F59-22CF-4E2C-8C4B-D2F5E83BAAEE",
				"material": "A20C5F9C-6979-4DB6-94B8-A237EFFFC37E",
				"matrix": [0.020794827491044998,0,-0.9997837543487549,0,0,1,0,0,0.9997837543487549,0,0.020794827491044998,0,30.59000015258789,-4.639999866485596,5.690000057220459,1]
			},
			{
				"uuid": "EE8209AE-7498-4D0D-B3B4-1B6BFD53DE25",
				"name": "Circle 1",
				"type": "Mesh",
				"geometry": "C7646F59-22CF-4E2C-8C4B-D2F5E83BAAEE",
				"material": "A20C5F9C-6979-4DB6-94B8-A237EFFFC37E",
				"matrix": [0.020794827491044998,0,-0.9997837543487549,0,0,1,0,0,0.9997837543487549,0,0.020794827491044998,0,30.59000015258789,-6.489999771118164,19.18000030517578,1]
			},
			{
				"uuid": "96D256AF-C28E-4E21-A84C-8DF447AF2360",
				"name": "Circle 1",
				"type": "Mesh",
				"geometry": "C7646F59-22CF-4E2C-8C4B-D2F5E83BAAEE",
				"material": "A20C5F9C-6979-4DB6-94B8-A237EFFFC37E",
				"matrix": [-0.02079480141401291,0.0015926528722047806,0.9997825026512146,0,-0.000033118943974841386,-0.9999987483024597,0.0015923085156828165,0,0.9997837543487549,1.0842021724855044e-19,0.020794827491044998,0,30.59000015258789,7.670000076293945,19.18000030517578,1]
			},
			{
				"uuid": "3B01BE02-DD3E-42FE-BD43-BCFAE6D36200",
				"name": "Circle 1",
				"type": "Mesh",
				"geometry": "C7646F59-22CF-4E2C-8C4B-D2F5E83BAAEE",
				"material": "A20C5F9C-6979-4DB6-94B8-A237EFFFC37E",
				"matrix": [0.7038453221321106,-0.7094370126724243,-0.03606782108545303,0,0,0.05077448487281799,-0.9987101554870605,0,0.7103532552719116,0.7029374837875366,0.03573738411068916,0,27.820446014404297,13.555438041687012,8.530027389526367,1]
			},
			{
				"uuid": "12995DA2-7334-4C97-BFDD-75E98E82DFAA",
				"name": "Circle 1",
				"type": "Mesh",
				"geometry": "C7646F59-22CF-4E2C-8C4B-D2F5E83BAAEE",
				"material": "A20C5F9C-6979-4DB6-94B8-A237EFFFC37E",
				"matrix": [-0.7027130722999573,-0.7105556726455688,-0.03612469136714935,0,-5.551115123125783e-17,0.05077448487281799,-0.9987101554870605,0,0.7114733457565308,-0.7018066644668579,-0.0356798954308033,0,27.589996337890625,-12.319999694824219,8.529999732971191,1]
			},
			{
				"uuid": "C9607F36-5E1E-4544-85AA-11DEA7AEDD62",
				"name": "Circle 1",
				"type": "Mesh",
				"geometry": "C7646F59-22CF-4E2C-8C4B-D2F5E83BAAEE",
				"material": "A20C5F9C-6979-4DB6-94B8-A237EFFFC37E",
				"matrix": [1,0,0,0,0,0.0007963267271406949,-0.9999997019767761,0,0,0.9999997019767761,0.0007963267271406949,0,19.459999084472656,15.99000072479248,15.5600004196167,1]
			},
			{
				"uuid": "3B256CCA-F39F-4294-958F-ED7F5DC477CC",
				"name": "Circle 1",
				"type": "Mesh",
				"geometry": "C7646F59-22CF-4E2C-8C4B-D2F5E83BAAEE",
				"material": "A20C5F9C-6979-4DB6-94B8-A237EFFFC37E",
				"matrix": [1,0,0,0,0,0.0007963267271406949,-0.9999997019767761,0,0,0.9999997019767761,0.0007963267271406949,0,8.600000381469727,16.59000015258789,10.279999732971191,1]
			},
			{
				"uuid": "663AA1A5-0EB5-4893-91C8-36BBEE1C8E87",
				"name": "Circle 1",
				"type": "Mesh",
				"geometry": "C7646F59-22CF-4E2C-8C4B-D2F5E83BAAEE",
				"material": "A20C5F9C-6979-4DB6-94B8-A237EFFFC37E",
				"matrix": [0.8138784766197205,0.4006228446960449,-0.42083632946014404,0,-0.5810351371765137,0.5611678957939148,-0.5894817113876343,0,-5.551115123125783e-17,0.7242871522903442,0.6894984245300293,0,13.770000457763672,14.930000305175781,25.610000610351562,1]
			},
			{
				"uuid": "9387A661-E21C-45ED-9210-0ADD1817AACB",
				"name": "Circle 1",
				"type": "Mesh",
				"geometry": "C7646F59-22CF-4E2C-8C4B-D2F5E83BAAEE",
				"material": "A20C5F9C-6979-4DB6-94B8-A237EFFFC37E",
				"matrix": [0.6992698311805725,0.21847639977931976,-0.6806539297103882,0,-0.4783962070941925,0.8505322337150574,-0.21847639977931976,0,0.5311862230300903,0.4783962070941925,0.6992698311805725,0,26.45199966430664,12.528336524963379,24.427095413208008,1]
			},
			{
				"uuid": "59922A7A-73CA-44FD-8F58-FF35C78CFCBC",
				"name": "Circle 1",
				"type": "Mesh",
				"geometry": "C7646F59-22CF-4E2C-8C4B-D2F5E83BAAEE",
				"material": "A20C5F9C-6979-4DB6-94B8-A237EFFFC37E",
				"matrix": [0.33787837624549866,0.8697975277900696,0.35956981778144836,0,-0.8201208114624023,0.08464300632476807,0.5658951997756958,0,0.4617791771888733,-0.4860944449901581,0.7419381141662598,0,26.450000762939453,-11.028889656066895,24.43000030517578,1]
			},
			{
				"uuid": "33A48824-C7F8-42B7-B3D7-1BD83616857C",
				"name": "Circle 1",
				"type": "Mesh",
				"geometry": "C7646F59-22CF-4E2C-8C4B-D2F5E83BAAEE",
				"material": "A20C5F9C-6979-4DB6-94B8-A237EFFFC37E",
				"matrix": [1,0,0,0,0,-0.009203542955219746,0.9999576210975647,0,0,-0.9999576210975647,-0.009203542955219746,0,19.459999084472656,-14.510000228881836,15.5600004196167,1]
			},
			{
				"uuid": "65232F47-4FDE-458F-93F7-14F6F5F4A624",
				"name": "Circle 1",
				"type": "Mesh",
				"geometry": "C7646F59-22CF-4E2C-8C4B-D2F5E83BAAEE",
				"material": "A20C5F9C-6979-4DB6-94B8-A237EFFFC37E",
				"matrix": [1,0,0,0,0,0.0007963267271406949,0.9999997019767761,0,0,-0.9999997019767761,0.0007963267271406949,0,8.600000381469727,-15.029999732971191,10.279999732971191,1]
			},
			{
				"uuid": "E72432B3-2177-4046-A49E-70ED0414C837",
				"name": "Circle 1",
				"type": "Mesh",
				"geometry": "C7646F59-22CF-4E2C-8C4B-D2F5E83BAAEE",
				"material": "A20C5F9C-6979-4DB6-94B8-A237EFFFC37E",
				"matrix": [1,0,0,0,0,0.0007963267271406949,-0.9999997019767761,0,0,0.9999997019767761,0.0007963267271406949,0,-8.596076011657715,16.59000015258789,10.279999732971191,1]
			},
			{
				"uuid": "530FC99B-70C8-4C91-AAB7-B2B5EF313FFB",
				"name": "Circle 1",
				"type": "Mesh",
				"geometry": "C7646F59-22CF-4E2C-8C4B-D2F5E83BAAEE",
				"material": "A20C5F9C-6979-4DB6-94B8-A237EFFFC37E",
				"matrix": [1,0,0,0,0,0.0007963267271406949,-0.9999997019767761,0,0,0.9999997019767761,0.0007963267271406949,0,-19.459999084472656,15.989999771118164,15.5600004196167,1]
			},
			{
				"uuid": "08EF66E0-3CDA-479A-980C-DDC826E31359",
				"name": "Circle 1",
				"type": "Mesh",
				"geometry": "C7646F59-22CF-4E2C-8C4B-D2F5E83BAAEE",
				"material": "A20C5F9C-6979-4DB6-94B8-A237EFFFC37E",
				"matrix": [0.8138784766197205,0.4006228446960449,-0.42083632946014404,0,-0.5810351371765137,0.5611678957939148,-0.5894817113876343,0,-5.551115123125783e-17,0.7242871522903442,0.6894984245300293,0,-13.770000457763672,14.899999618530273,25.610000610351562,1]
			},
			{
				"uuid": "D39ACE4C-DD9F-477D-805A-B7AA3DF29BD3",
				"name": "Circle 1",
				"type": "Mesh",
				"geometry": "C7646F59-22CF-4E2C-8C4B-D2F5E83BAAEE",
				"material": "A20C5F9C-6979-4DB6-94B8-A237EFFFC37E",
				"matrix": [1,0,0,0,0,0.0007963267271406949,0.9999997019767761,0,0,-0.9999997019767761,0.0007963267271406949,0,-8.550524711608887,-15.029999732971191,10.279999732971191,1]
			},
			{
				"uuid": "75361D99-8FFE-4BAC-B55B-1F27E6DA8738",
				"name": "Circle 1",
				"type": "Mesh",
				"geometry": "C7646F59-22CF-4E2C-8C4B-D2F5E83BAAEE",
				"material": "A20C5F9C-6979-4DB6-94B8-A237EFFFC37E",
				"matrix": [1,0,0,0,0,0.0007963267271406949,0.9999997019767761,0,0,-0.9999997019767761,0.0007963267271406949,0,-19.348413467407227,-15.029999732971191,15.469770431518555,1]
			},
			{
				"uuid": "3208AEE5-896C-4C1C-9F3A-7270CCF61C95",
				"name": "Circle 1",
				"type": "Mesh",
				"geometry": "C7646F59-22CF-4E2C-8C4B-D2F5E83BAAEE",
				"material": "A20C5F9C-6979-4DB6-94B8-A237EFFFC37E",
				"matrix": [0.681178867816925,0.7320803999900818,-0.007321261800825596,0,-0.46601954102516174,0.42586129903793335,-0.7755436301231384,0,-0.5646424889564514,0.5316957831382751,0.6312515139579773,0,-26.18630027770996,12.529999732971191,24.43000030517578,1]
			},
			{
				"uuid": "BF9A4EA0-8D97-42A2-B2E1-290FE1B7E10E",
				"name": "Circle 1",
				"type": "Mesh",
				"geometry": "C7646F59-22CF-4E2C-8C4B-D2F5E83BAAEE",
				"material": "A20C5F9C-6979-4DB6-94B8-A237EFFFC37E",
				"matrix": [0.7038453221321106,0.7103530764579773,0.0005656732828356326,0,0,0.0007963267271406949,-0.9999997019767761,0,-0.7103532552719116,0.7038450837135315,0.0005604908219538629,0,-27.739999771118164,13.5600004196167,8.529999732971191,1]
			},
			{
				"uuid": "B98DF676-A7D5-47E2-8A86-CCFF244FCC83",
				"name": "Circle 1",
				"type": "Mesh",
				"geometry": "C7646F59-22CF-4E2C-8C4B-D2F5E83BAAEE",
				"material": "A20C5F9C-6979-4DB6-94B8-A237EFFFC37E",
				"matrix": [-0.02079480141401291,0.0015926528722047806,-0.9997825026512146,0,-0.000033118943974841386,-0.9999987483024597,-0.0015923085156828165,0,-0.9997837543487549,0,0.020794827491044998,0,-30.399999618530273,7.670000076293945,19.18000030517578,1]
			},
			{
				"uuid": "83AFB2AE-09F0-4143-91E8-694A15A0A373",
				"name": "Circle 1",
				"type": "Mesh",
				"geometry": "C7646F59-22CF-4E2C-8C4B-D2F5E83BAAEE",
				"material": "A20C5F9C-6979-4DB6-94B8-A237EFFFC37E",
				"matrix": [-0.0007963256794027984,0.0015926528722047806,-0.9999983906745911,0,-0.0000012682720580414752,-0.9999987483024597,-0.0015926524065434933,0,-0.9999997019767761,-1.0842021724855044e-19,0.0007963267271406949,0,-30.530000686645508,6.21999979019165,5.690000057220459,1]
			},
			{
				"uuid": "B4F63711-BE9B-4636-B44B-2CDA25968B17",
				"name": "Circle 1",
				"type": "Mesh",
				"geometry": "C7646F59-22CF-4E2C-8C4B-D2F5E83BAAEE",
				"material": "A20C5F9C-6979-4DB6-94B8-A237EFFFC37E",
				"matrix": [-0.0007963256794027984,-5.049788920352682e-10,0.9999997019767761,0,-0.0000012682720580414752,1,-5.049788920352682e-10,0,-0.9999997019767761,-0.0000012682720580414752,-0.0007963256794027984,0,-30.5,0.8899999856948853,11.289999961853027,1]
			},
			{
				"uuid": "B3F20F6C-5721-4137-93E7-61052F234B63",
				"name": "Circle 1",
				"type": "Mesh",
				"geometry": "C7646F59-22CF-4E2C-8C4B-D2F5E83BAAEE",
				"material": "A20C5F9C-6979-4DB6-94B8-A237EFFFC37E",
				"matrix": [0.0007963267271406949,0,0.9999997019767761,0,0,1,0,0,-0.9999997019767761,0,0.0007963267271406949,0,-30.540000915527344,-4.639999866485596,5.690000057220459,1]
			},
			{
				"uuid": "3E721E09-0C3E-4737-A944-7B427FC6150B",
				"name": "Circle 1",
				"type": "Mesh",
				"geometry": "C7646F59-22CF-4E2C-8C4B-D2F5E83BAAEE",
				"material": "A20C5F9C-6979-4DB6-94B8-A237EFFFC37E",
				"matrix": [0.0007963267271406949,0,0.9999997019767761,0,0,1,0,0,-0.9999997019767761,0,0.0007963267271406949,0,-30.559999465942383,-6.489999771118164,19.18000030517578,1]
			},
			{
				"uuid": "DFED11E0-6ED2-4255-B9F1-AB2245839B29",
				"name": "Circle 1",
				"type": "Mesh",
				"geometry": "C7646F59-22CF-4E2C-8C4B-D2F5E83BAAEE",
				"material": "A20C5F9C-6979-4DB6-94B8-A237EFFFC37E",
				"matrix": [0.32274049520492554,0.6625101566314697,0.6759577393531799,0,-0.7833771705627441,0.5877847671508789,-0.20206263661384583,0,-0.5311862230300903,-0.46431607007980347,0.7086972594261169,0,-26.519804000854492,-10.869999885559082,24.502666473388672,1]
			},
			{
				"uuid": "F8927B7D-9BA9-4A27-A39D-244C67664D89",
				"name": "Circle 1",
				"type": "Mesh",
				"geometry": "C7646F59-22CF-4E2C-8C4B-D2F5E83BAAEE",
				"material": "A20C5F9C-6979-4DB6-94B8-A237EFFFC37E",
				"matrix": [-0.6748749017715454,0.7369590401649475,0.03788496553897858,0,-0.0010748428758233786,0.05035760626196861,-0.9987306594848633,0,-0.7379313707351685,-0.6740589737892151,-0.03319296985864639,0,-27.790000915527344,-12.319999694824219,8.529999732971191,1]
			},
			{
				"uuid": "92175D9E-D616-43E0-906C-3AF97BF8B8A5",
				"name": "Circle 1",
				"type": "Mesh",
				"geometry": "C7646F59-22CF-4E2C-8C4B-D2F5E83BAAEE",
				"material": "A20C5F9C-6979-4DB6-94B8-A237EFFFC37E",
				"matrix": [1,0,0,0,0,0.6967067122459412,0.7173560857772827,0,0,-0.7173560857772827,0.6967067122459412,0,13.84000015258789,-13.6899995803833,25.360742568969727,1]
			},
			{
				"uuid": "3AB71A25-82C9-4720-A900-EF2A27C4063E",
				"name": "Circle 1",
				"type": "Mesh",
				"geometry": "C7646F59-22CF-4E2C-8C4B-D2F5E83BAAEE",
				"material": "A20C5F9C-6979-4DB6-94B8-A237EFFFC37E",
				"matrix": [1,0,0,0,0,0.6967067122459412,0.7173560857772827,0,0,-0.7173560857772827,0.6967067122459412,0,0,-13.6899995803833,25.360000610351562,1]
			},
			{
				"uuid": "E3EBC075-266F-4209-936D-23A7D6B979C5",
				"name": "Circle 1",
				"type": "Mesh",
				"geometry": "C7646F59-22CF-4E2C-8C4B-D2F5E83BAAEE",
				"material": "A20C5F9C-6979-4DB6-94B8-A237EFFFC37E",
				"matrix": [1,0,0,0,0,0.6967067122459412,0.7173560857772827,0,0,-0.7173560857772827,0.6967067122459412,0,-13.816655158996582,-13.6899995803833,25.360000610351562,1]
			}]
	}
}